[bandwidth]
g2c = 8.123760412534708
c2g = 7.388167388167387
g2g = 17.534246575342465
c2c = 14.114403859407306
d2c = 0.8984820566815829
c2d = 0.8870793087018669

[matmul]
cuda = 53.58238700024386
cpu = 3.063256446313764

