[bandwidth]
g2c = 24.100319935277458
c2g = 29.332109968558033
g2g = 20.72874493927125
c2c = 11.59026598754952
d2c = 0.3529573969391976
c2d = 0.04779374014020742

[matmul]
cuda = 53.061556728960184
cpu = 2.766593744737228

